Precio,meters,habitaciones,toilet,estacionamientos
108000,120.0,3.0,2.0,2.0
134900,137.0,3.0,3.0,2.0
72000,95.0,3.0,3.0,2.0
121339,123.0,3.0,2.0,2.0
97000,112.0,3.0,2.0,3.0
140000,153.0,3.0,3.0,2.0
123500,166.0,4.0,3.0,3.0
78000,110.0,3.0,3.0,2.0
105000,267.0,3.0,3.0,2.0
155000,175.0,3.0,3.0,1.0
118000,138.0,4.0,4.0,2.0
121339,122.0,3.0,2.0,2.0
89000,92.0,3.0,2.0,2.0
91675,95.0,3.0,2.0,1.0
109900,141.0,4.0,2.0,2.0
185000,182.0,,2.0,2.0
115000,124.0,3.0,2.0,2.0
159900,151.0,3.0,3.0,2.0
185000,190.0,3.0,3.0,2.0
85000,90.0,3.0,2.0,2.0
185000,190.0,3.0,2.0,2.0
125000,115.0,3.0,3.0,2.0
111000,116.0,3.0,2.0,2.0
86400,124.0,3.0,2.0,2.0
102900,108.0,3.0,2.0,2.0
100350,102.0,3.0,2.0,2.0
185000,197.0,3.0,2.0,2.0
120000,208.0,4.0,2.0,3.0
87000,112.0,3.0,2.0,3.0
255000,302.0,5.0,5.0,3.0
125000,120.0,3.0,1.0,2.0
127500,123.0,3.0,3.0,2.0
108000,120.0,3.0,2.0,2.0
94000,102.0,,2.0,1.0
89500,90.0,3.0,2.0,1.0
134900,137.0,3.0,3.0,2.0
155000,175.0,3.0,3.0,1.0
78000,110.0,3.0,3.0,2.0
105000,267.0,3.0,3.0,2.0
189000,296.0,4.0,4.0,4.0
135000,143.0,3.0,2.0,2.0
102789,102.0,3.0,2.0,2.0
110000,114.0,3.0,3.0,2.0
125000,132.0,3.0,2.0,2.0
85000,97.0,3.0,2.0,2.0
89000,93.0,3.0,2.0,2.0
94000,105.0,3.0,2.0,1.0
229000,220.0,3.0,2.0,3.0
115000,144.0,3.0,2.0,2.0
109999,125.0,3.0,2.0,2.0
129000,153.0,4.0,2.0,2.0
69900,77.0,3.0,1.0,1.0
299990,433.0,5.0,4.0,4.0
91000,97.0,3.0,2.0,2.0
130000,136.0,3.0,3.0,2.0
102500,102.0,3.0,2.0,2.0
317000,266.0,2.0,3.0,2.0
299990,433.0,5.0,4.0,4.0
89500,90.0,3.0,2.0,1.0
135000,143.0,3.0,2.0,2.0
102789,102.0,3.0,2.0,2.0
127000,212.0,5.0,4.0,2.0
285000,330.0,5.0,5.0,6.0
110000,114.0,3.0,3.0,2.0
84000,100.0,3.0,2.0,2.0
182000,234.0,4.0,3.0,3.0
109900,143.0,3.0,2.0,1.0
115000,144.0,3.0,2.0,2.0
115000,150.0,4.0,3.0,2.0
85000,97.0,3.0,2.0,2.0
320000,467.0,6.0,4.0,2.0
118000,140.0,3.0,2.0,1.0
120000,151.0,3.0,2.0,2.0
279000,226.0,2.0,2.0,2.0
115000,140.0,3.0,2.0,1.0
79000,117.0,3.0,1.0,1.0
125000,130.0,3.0,2.0,2.0
125367,113.0,2.0,,2.0
148000,143.0,3.0,2.0,2.0
109900,140.0,4.0,2.0,2.0
120000,149.0,3.0,2.0,2.0
99000,100.0,3.0,3.0,1.0
180000,255.0,3.0,2.0,2.0
140000,140.0,3.0,2.0,2.0
124900,162.0,3.0,2.0,2.0
115000,110.0,3.0,2.0,2.0
126000,240.0,3.0,2.0,2.0
61288,76.0,3.0,1.0,1.0
125000,265.0,3.0,2.0,2.0
190000,507.0,5.0,4.0,2.0
170000,210.0,3.0,2.0,2.0
109000,110.0,4.0,2.0,2.0
124900,162.0,3.0,2.0,2.0
165000,165.0,3.0,2.0,2.0
121340,122.0,3.0,2.0,2.0
118000,140.0,3.0,2.0,1.0
120000,149.0,3.0,2.0,2.0
125000,262.0,3.0,2.0,2.0
163000,200.0,3.0,3.0,3.0
109900,140.0,4.0,2.0,2.0
145000,141.0,2.0,2.0,2.0
115000,205.0,3.0,2.0,1.0
255000,400.0,4.0,5.0,3.0
380000,460.0,3.0,3.0,4.0
320000,467.0,6.0,4.0,2.0
109000,155.0,3.0,2.0,2.0
128900,140.0,3.0,3.0,3.0
126000,240.0,3.0,2.0,2.0
83000,168.0,3.0,2.0,1.0
137000,214.0,4.0,3.0,2.0
125367,113.0,2.0,,2.0
115000,110.0,3.0,2.0,2.0
148000,143.0,3.0,2.0,2.0
160000,216.0,3.0,2.0,4.0
175000,283.0,4.0,3.0,4.0
127000,215.0,5.0,3.0,2.0
80000,112.0,3.0,2.0,1.0
299000,430.0,5.0,4.0,6.0
350000,260.0,5.0,2.0,3.0
329900,544.0,4.0,2.0,2.0
320000,345.0,4.0,4.0,2.0
190000,190.0,,3.0,2.0
110000,124.0,3.0,2.0,1.0
98940,102.0,3.0,2.0,1.0
120000,142.0,3.0,2.0,1.0
165000,175.0,3.0,3.0,2.0
113000,132.0,3.0,2.0,1.0
135000,110.0,3.0,2.0,2.0
175000,212.0,3.0,2.0,2.0
105000,186.0,4.0,3.0,2.0
118000,114.0,3.0,2.0,1.0
179900,221.0,4.0,2.0,3.0
125000,191.0,3.0,3.0,3.0
83000,105.0,3.0,2.0,1.0
240000,307.0,4.0,4.0,2.0
78500,86.0,3.0,2.0,2.0
155000,278.0,3.0,3.0,3.0
125367,115.0,3.0,3.0,2.0
110000,110.0,3.0,2.0,1.0
135000,130.0,3.0,2.0,2.0
45000,50.0,2.0,1.0,1.0
123000,146.0,3.0,2.0,2.0
90000,121.0,3.0,2.0,1.0
130000,131.0,3.0,2.0,3.0
127000,215.0,5.0,3.0,2.0
129900,128.0,3.0,3.0,2.0
45000,50.0,2.0,1.0,1.0
125367,115.0,3.0,3.0,2.0
190000,190.0,,3.0,2.0
120000,142.0,3.0,2.0,1.0
170000,192.0,3.0,2.0,4.0
88785,84.0,3.0,2.0,2.0
87000,104.0,3.0,2.0,2.0
119000,183.0,3.0,2.0,2.0
75000,101.0,3.0,2.0,1.0
138000,100.0,3.0,3.0,2.0
243000,464.0,8.0,5.0,6.0
171000,160.0,3.0,3.0,2.0
148000,180.0,3.0,3.0,3.0
91000,93.0,3.0,2.0,1.0
95000,,3.0,3.0,1.0
73000,106.0,3.0,2.0,1.0
80000,135.0,3.0,2.0,1.0
112000,120.0,3.0,2.0,2.0
115000,142.0,4.0,3.0,2.0
195000,190.0,3.0,3.0,3.0
119000,183.0,3.0,2.0,2.0
480000,514.0,7.0,6.0,6.0
88785,84.0,3.0,2.0,2.0
380000,520.0,5.0,4.0,6.0
360000,420.0,5.0,5.0,4.0
130900,150.0,3.0,2.0,2.0
135000,150.0,3.0,2.0,2.0
350000,374.0,4.0,4.0,5.0
160000,200.0,3.0,2.0,3.0
125000,132.0,4.0,3.0,2.0
185000,198.0,3.0,2.0,3.0
100000,141.0,3.0,3.0,2.0
380000,400.0,,5.0,5.0
90000,,3.0,2.0,1.0
80000,110.0,3.0,3.0,2.0
285000,484.0,4.0,4.0,4.0
395000,400.0,4.0,4.0,3.0
